<stdin>:1055: SyntaxWarning: name 'bounds' is assigned to before global declaration
('num_t=', 10)
[ 2.38035206  2.37939423  2.38035206  2.37939423  2.38035206]
[ 1.17166435  1.16810185  1.17166435  1.16810185  1.17166435]
('num_t=', 30)
[ 2.34169939  2.34160595  2.34169939  2.34160595  2.34169939]
[ 1.22085027  1.22058456  1.22085027  1.22058456  1.22085027]
('num_t=', 50)
[ 2.33801943  2.33801006  2.33801943  2.33801006  2.33801943]
[ 1.22844072  1.22842952  1.22844072  1.22842952  1.22844072]
('num_t=', 70)
[ 2.33497035  2.33496946  2.33497035  2.33496946  2.33497035]
[ 1.23469023  1.23457131  1.23469023  1.23457131  1.23469023]
('Time elapsted:', 2236.084180831909)
