<stdin>:1055: SyntaxWarning: name 'bounds' is assigned to before global declaration
('num_t=', 10)
[ 1.66980304  1.66812429  1.66980304  1.66812429  1.66980304]
[ 1.38738634  1.39250287  1.38738634  1.39250287  1.38738634]
('num_t=', 30)
[ 1.67773787  1.67747544  1.67773829  1.6774758   1.67773787]
[ 1.55654086  1.55677889  1.55654191  1.55677899  1.55654086]
('num_t=', 50)
[ 1.68381014  1.68389308  1.68381209  1.68389325  1.68381014]
[ 1.58669044  1.58669605  1.58669857  1.58669242  1.58669045]
('num_t=', 70)
[ 1.68430704  1.68432441  1.68430704  1.68432441  1.68430704]
[ 1.59977187  1.59972395  1.59977187  1.59972395  1.59977187]
('Time elapsted:', 2839.514566898346)
